99328
65836
7518
2370
81294
36880
52125
70605
12757
44387
76745
73127
55397
24246
29051
13367
36080
59624
34143
77999
52424
62817
40283
89821
56492
10163
88648
2717
9351
97989
37712
25032
80177
61582
27402
77824
98462
95879
64781
27571
40266
41527
17051
95664
65773
46102
25383
1853
22078
59527
79852
74502
38696
36487
80675
95189
63002
69323
14258
88706
83665
51970
13738
80194
29904
57492
74370
28366
53371
39152
72290
9990
80679
89341
22006
46452
35443
47389
64657
57521
23268
60862
48376
78317
97349
45403
73506
76704
31079
4116
81762
14744
72439
95500
11290
2343
69344
85661
30710
22715
24813
19352
32705
5492
8693
54711
68296
44136
18453
32953
18009
58073
93815
82737
36390
7517
28141
26248
573
59220
30365
82335
90316
2804
94187
1606
5147
63531
3619
52209
2598
28432
71561
35304
50276
80254
6367
34924
40742
41172
67878
75104
99246
78045
74193
51988
1914
2334
78237
18839
77906
8602
1174
68222
27758
95361
86181
32905
75244
89800
1467
77843
34585
73028
29499
84861
69635
52218
19786
26729
93391
4016
18185
8989
98413
92379
60977
328
94713
55566
19167
72620
80520
36694
57194
8278
48407
43375
57536
23652
49528
59003
17847
84113
48383
47346
68974
34370
99564
5112
61100
9307
25480
79285
34648
23894
88016
11978
40574
82730
67544
76093
71702
48065
12787
45248
56343
77547
88624
30231
1199
54504
5586
19046
38617
53970
82744
23943
4692
98660
29056
65792
7968
70888
61430
58968
94782
49446
70946
35356
48528
38491
11450
36582
2908
40589
81831
75603
18136
86807
5835
35687
41311
11421
71085
79928
81743
53829
20223
86436
52490
65631
68580
76810
36520
30010
35778
31302
95809
6725
83011
60689
61568
10813
97272
64476
51402
95455
40079
85891
82262
62266
21578
39925
73688
9016
36205
71783
62845
56428
58219
31687
22060
26800
8497
58580
73162
60628
6234
85323
83705
89245
46013
45273
58
59637
26101
67813
71444
82532
70056
53706
44799
7986
9983
34839
17002
46188
6622
79848
18968
64842
11535
41028
7994
36385
15960
81156
97013
22195
66480
97070
27792
28845
42343
44203
4834
84796
28368
76278
67328
98424
46336
12127
6410
56319
46966
23413
18859
69941
19613
37827
34783
47500
95208
42777
83885
27520
40285
97250
66067
6765
94320
93860
51962
53015
54415
56796
37811
82783
49426
21492
97559
95762
33619
3969
68433
96938
43734
87292
66879
63347
41472
18014
27200
53032
60791
27437
96904
1076
41040
62972
24194
35360
73184
92508
4728
27599
65657
58891
26734
15083
80383
24293
27198
30355
28262
95631
27293
88349
99276
10524
68048
40748
28538
95248
10132
89329
22686
7036
6757
80078
70008
47303
15438
59544
39812
36518
87143
21821
95410
13877
36904
92145
38170
64102
22500
82785
76086
49793
87486
75362
60317
55534
32462
5207
50783
42594
10888
89821
65982
33998
69899
35991
81301
1689
95535
37465
54560
99031
59286
66322
29260
12543
58467
83783
92997
80968
66568
69083
47113
54054
44445
23783
25940
76907
28990
93075
35853
39879
99248
1836
73877
85499
54179
71530
3541
66066
8996
58101
65097
84634
24423
94358
97177
82890
94493
90175
80210
77413
59258
27324
31467
3704
51107
73759
96963
80097
66835
32817
36328
66083
34653
10205
51583
5184
81736
55124
71250
7084
29577
36348
91718
54000
47058
88896
53242
41551
79071
33453
18964
54681
77129
66783
74737
28236
56894
71701
8333
23729
20870
61014
6165
71875
71219
57748
77059
69307
29224
48309
76391
58801
1009
68110
12801
64419
57006
82395
22322
52429
32200
57638
7110
9329
40773
98200
37565
97668
69901
62251
21397
7123
23265
27562
78998
10836
1662
56057
80144
30886
20718
56535
6039
38080
40997
35192
2499
14355
17588
24822
66784
49788
82460
90247
59118
39586
88447
13035
37254
74700
75286
75003
81823
14903
18918
77173
25740
20580
49582
5884
67819
70300
78771
90210
8380
19769
25403
10880
50476
42991
52054
33613
9131
50866
40212
84601
90452
28659
13989
44058
19711
89275
19062
17886
20531
37980
95059
46271
74912
44641
68507
59083
31293
63630
49294
39674
99751
91049
66906
50228
50392
35312
83841
59523
86178
24053
60477
92983
69064
74466
37041
5127
80093
72455
23013
624
26787
18072
63247
18052
79065
31754
77135
10358
95385
42781
66384
95136
33830
49642
61716
574
84954
45557
60098
87485
85962
36927
80468
55026
11393
33861
60153
91486
6317
99518
8463
33104
17590
71710
51156
13007
19817
44644
39718
31554
87425
6102
43042
37608
55745
21111
38182
57051
66668
14632
44536
52631
51559
25004
24009
79304
58866
515
87143
65183
33
95606
14639
33976
83668
65796
46983
19837
10440
86701
67743
14217
9156
27138
68177
81253
48249
22712
38304
14917
37344
82841
83900
5256
24197
24262
84560
83063
24777
88055
64598
41162
83661
79238
75138
83682
45034
38474
19871
71826
41527
87615
86043
50683
14753
54221
31936
63002
93285
86593
94271
30629
69434
94524
52237
93631
18786
53150
93047
59915
41205
57645
1077
41219
53235
76216
41253
14621
31042
61124
86447
72569
65091
88843
23253
96196
59416
71541
59198
52701
58134
69822
99682
43920
80698
51920
53904
15836
21422
63303
75751
62627
20948
93180
20198
90536
85748
61451
5157
16790
38928
91605
89360
4019
96800
28965
216
56216
506
75766
8917
74993
61940
8599
35265
42638
76871
5521
74826
98293
68824
50577
77273
89773
60110
13823
96661
62210
75275
1818
79001
30555
9775
84713
34574
6575
13678
51142
62791
30536
43261
88060
21881
5201
13012
73499
64192
89883
79020
39018
4529
47845
5948
98154
53970
66058
11977
50631
44620
3604
52449
39973
34159
78577
24686
85086
1504
54716
36228
80648
1605
95841
68708
23486
1043
81720
13337
81587
87956
92358
20605
92485
40203
26553
90639
94173
8963
2616
44804
53584
22573
13605
93557
56732
8534
34596
41818
10039
89312
94399
90687
7269
90240
75747
47108
7635
73820
60445
89222
61776
52803
26180
70613
93006
52733
77604
3531
78049
96572
64687
47985
19145
94645
57894
75878
19531
92490
34048
29570
98155
44799
36609
5424
51392
28709
52532
59027
2529
12978
64602
64305
82133
90782
51270
91492
59867
28874
95023
37916
25446
76063
2253
60944
70708
60148
36822
90239
68990
87222
36162
67145
32022
89123
88922
83414
17832
57806
58793
20361
87136
23395
1018
69270
14177
68640
77114
90397
97514
88489
28313
39313
64552
46919
257
51612
7067
53431
58204
92409
40653
10718
75907
72675
99841
64829
72441
34026
38987
31235
70739
42476
54630
71758
11746
85160
40398
5212
75557
54265
93701
20222
93578
74606
67141
10187
26218
90560
63618
774
82970
4271
11492
58877
93299
27686
40058
82092
61712
95397
13327
32451
37873
84310
20561
65971
85822
77312
71183
77731
31577
81237
97953
41507
55843
81447
51694
98413
88359
15312
99188
87681
35935
27032
62910
29234
71070
2968
11327
49134
14718
41006
97938
52591
41668
18499
18563
27490
12163
6098
21573
60092
87335
35879
1599
43178
17326
69645
41592
22037
84957
57132
9719
37245
516
72629
66479
71587
91950
94158
20721
6668
51517
18659
59259
9537
53511
94174
53380
65674
273
74953
42119
87608
10832
43718
47139
44510
29716
5083
66548
14673
62215
76267
51918
62731
65248
34750
34318
57198
45260
71392
63866
13129
6403
39478
22667
59914
50004
76047
41941
50277
67352
84060
54238
78185
44130
17729
22695
73846
22812
5595
4872
85027
98214
73142
64110
63463
24244
98429
20661
85857
86173
880
98986
92576
56710
38005
68843
6714
30404
10784
73344
97757
11196
43934
75942
55326
61663
14989
45525
84475
20585
50397
69502
18799
39891
49964
98614
64136
48393
35628
49993
50918
36508
65331
43495
9570
19689
12338
16284
50093
39474
5980
64202
50670
49914
56496
22348
11577
71486
67873
12404
8423
34622
81906
43574
74514
48223
42189
55002
96616
77817
4995
63887
30677
86678
7382
40247
6367
36072
72883
72813
91898
78864
37015
42568
45130
93512
81268
73060
81350
65494
85464
89773
16468
83723
49699
90982
31946
8240
45984
44914
86057
67331
8801
33086
54010
32535
89685
76729
84959
62569
49542
76857
57785
86558
35777
19267
96422
17046
92327
77772
82540
77792
83897
99008
77867
33596
6343
9813
58189
68679
54727
60598
36011
79881
93685
6373
12416
83370
99454
97376
62291
48997
90585
36428
51907
26363
55696
48329
43409
64375
42453
42301
58519
26350
57661
36386
76298
80356
46199
50839
49036
17279
11438
1399
97160
5123
24124
25928
4845
23578
39656
83489
88927
30242
19917
40834
56605
91965
5515
16366
56341
47968
75019
14860
90670
32680
67599
83321
29389
13798
34160
78425
31077
45598
96176
44589
67073
20300
70518
88271
43878
10174
71760
32806
56768
8029
89992
29725
16347
95508
46091
89040
59828
21110
20252
50499
70143
87851
50172
99532
1650
84332
94309
49079
46283
90485
10021
29708
10785
96891
34331
71015
7065
22443
20173
80186
46825
10166
9911
63172
22026
72355
52212
81854
93465
72464
48705
79960
76668
98877
95844
94670
99562
90153
60101
62197
80638
70122
8257
7775
67013
42589
95143
90431
81384
15316
70617
28209
41834
96880
91381
63860
69235
59945
62067
79053
48762
10772
59013
25430
26002
71210
20100
41916
61363
80201
20465
58354
66676
45074
82481
33689
87663
77624
40472
69048
9293
27441
13609
51127
24322
4991
31340
93557
81288
93407
88962
30050
20531
47976
55480
62885
35538
91932
21153
96901
88486
57970
71607
55162
3045
54089
5203
7060
48065
45676
76108
57358
73117
89718
24838
13791
11061
56178
23701
92349
65937
12663
38752
2820
76991
94232
82058
12529
2517
19563
25783
91003
77534
97390
62517
80579
67831
84072
87639
32249
29748
80100
89607
19218
86170
30797
49361
13583
3327
73062
5932
69264
85726
44684
88437
79069
55269
86847
91599
74138
6410
17382
81493
83944
31124
60362
64523
15308
44434
68515
47557
90535
48615
37164
26105
51137
84314
75466
64720
87641
48529
87004
73258
50607
48041
61695
29676
3310
48542
37627
93800
54952
71361
75293
55249
2486
35655
36124
17794
96441
4639
81703
86976
69606
35219
13081
20743
19533
4900
1815
7175
53429
88820
80433
20388
36861
58480
66416
56523
23374
4044
50323
94678
75405
41968
49927
94243
93975
86052
28389
90416
7043
10092
77393
76650
61664
6826
13745
81197
11726
15561
4724
81507
20733
85157
18247
57594
59989
84664
30469
83363
5060
97144
78042
96817
39112
27969
7413
49439
30373
35802
39855
37417
62247
33600
30419
23911
56779
44164
21460
68505
76077
26185
50013
13162
27694
68260
87108
87684
69276
17577
71047
74336
31073
49089
87506
86537
93411
94919
35976
23784
47073
92184
77553
9320
42136
7972
49583
98915
68489
87396
67421
60918
13581
33786
74081
41275
18398
61189
28959
87675
95119
7
78363
26192
65448
82221
12730
58859
77140
65058
98996
24214
57242
76549
49886
99379
84522
15822
14646
69363
3218
82067
30281
33151
32205
20714
74426
50604
98256
19738
54631
9727
36097
49346
35919
1545
31568
65001
76757
8708
46412
75753
49274
20006
52302
99161
35737
53176
31335
50384
38891
34553
32451
85525
67704
81009
6239
58482
31613
20847
78220
2596
30574
14317
51942
82846
32215
83510
47847
8972
8571
10611
84725
57845
30618
53379
73358
66355
22908
4693
16739
61799
39246
65543
47324
23302
46552
69916
81785
94517
90763
76357
97113
21338
90675
49055
4184
22890
48918
68383
48214
57489
78995
32939
15334
9613
2670
5045
75968
25578
9738
9060
87378
65337
74603
34702
88639
21155
4618
70424
15672
11734
46782
12785
33072
53809
78192
53608
93051
27110
21991
41265
84599
986
90556
16286
26951
93226
21331
19272
18805
47421
28332
6183
12758
2935
57237
1398
40442
78208
88174
72466
89942
51308
1603
23014
21469
79795
76622
14520
23258
14965
55785
24209
32304
62693
56847
59255
55920
78178
94879
74725
41952
23211
97260
54710
42498
54497
72460
99292
32705
76987
71758
22647
28295
89713
62013
66117
85861
54987
80637
9119
69953
52775
33328
2257
15468
90176
77864
87740
84706
72744
62465
43010
12307
59725
97721
54806
14223
86533
54098
63280
63520
42209
85928
8168
31922
64293
74285
34135
19281
71274
43254
5586
24049
92935
7843
55870
99463
2059
43610
84169
91155
22428
27180
3463
82153
41253
58269
12728
27786
28719
92361
7659
87280
94641
15827
35555
58934
6464
69690
78215
77738
12945
153
18140
22232
24348
74010
21695
26408
17620
22216
17563
40048
65748
21026
38554
7001
95647
67634
51140
40719
59995
75151
27999
54636
7330
63554
13571
13794
33245
8138
91532
62542
8292
9672
84774
32640
34
6469
75400
34007
28685
9316
74055
10786
30342
28961
34139
42342
96596
85279
83061
72943
76782
11060
27580
84112
90967
57503
97906
24212
81993
5791
86754
90285
31815
71528
39278
31850
94349
31030
65857
39386
40346
56264
50172
87041
1578
84312
29383
98174
85943
28796
87469
62726
56208
15049
63190
47175
88904
61097
71387
70898
83240
74493
77535
15055
62373
33165
63257
56722
64196
29114
96109
4542
1731
62633
91583
3309
46945
37318
17835
49241
82466
5304
28319
38675
36706
91509
2202
25610
68958
89942
96508
52198
64435
90396
83606
26809
23561
46863
99883
87757
92330
95992
92300
94061
58626
235
13722
21923
53906
31557
87516
52724
36861
15835
7751
73567
7345
9954
15530
92655
99896
28390
61206
80683
18786
44812
23844
42348
8027
23728
30105
16709
19720
38757
10770
94698
55345
24492
32974
25603
72401
20490
78327
25615
36326
86079
15534
60023
96033
31064
52678
12281
59455
13884
9316
78241
75048
33161
36941
99428
56889
83399
16137
76609
22156
43260
87660
93853
84104
20634
19456
56506
41124
14136
82121
77450
215
97655
53825
12600
45072
6504
41233
4527
36740
50549
99120
28141
83710
52414
27569
40599
35813
43706
33561
57969
3318
37573
68175
87423
58207
87631
43929
15683
1767
42402
9486
18334
40057
63311
47286
85129
86167
88519
6008
39260
39069
21481
67401
39131
73895
11322
96083
9708
71380
45996
84029
74699
83569
52204
62122
41776
56188
22403
73811
74307
64805
83297
92642
21214
62961
39928
22696
49128
44800
45056
88388
221
66537
72141
39352
56784
83463
35435
66492
54844
97783
66874
45895
81352
19078
8017
39480
75266
46772
13292
65926
11577
12941
58568
49143
75902
14848
71839
25031
59648
33248
29771
59869
99785
1913
15574
72922
85376
51009
39414
56572
65145
22640
2467
46497
41719
26836
85978
33337
73608
15622
99263
1537
28563
74183
50681
4466
89032
38872
45849
65032
72120
75620
24902
88258
77533
40476
61180
79262
7837
16946
52186
72982
39587
54654
35832
97658
97842
21810
30995
87803
53784
46611
89340
82347
37146
56373
86813
26178
11598
49014
91211
83718
24635
32465
88328
2168
89293
65860
97782
13482
82807
49969
86465
38746
20975
22297
36404
35169
60459
83751
22972
14243
46714
28665
12942
83861
85038
16108
10039
96636
65122
17602
96707
89757
66419
1387
8278
55712
67248
22412
69195
66407
88733
72012
5153
26060
10661
41557
61230
87472
25308
84202
18067
72023
12867
31009
55884
14258
63469
82275
27246
28592
16230
23953
34701
82649
41693
59331
54714
8941
81744
40261
75348
70477
12273
96853
12890
22934
38410
74120
10406
80070
74674
28473
68445
3894
75834
40681
18152
39304
39309
45398
84248
55539
85704
18949
54540
27397
78281
9254
52690
76377
65867
44390
63206
78140
41243
76096
17426
96005
50216
27832
76075
41243
72657
60873
45137
64844
1554
63289
20500
40863
25039
4748
12754
27095
23697
67295
70844
18330
92901
23534
11059
58769
84276
74266
53261
25519
66714
70688
21524
33283
14872
13952
74526
3882
74825
19663
68726
92731
99304
89226
33595
24343
93974
62701
51439
34023
29996
22283
68706
39250
62170
79765
14371
46446
70383
67632
88318
37098
38320
26194
70381
53193
56498
44907
57075
31323
80922
42153
40407
80226
31379
74002
20921
41705
36703
88712
92080
83052
10996
60786
38654
89518
56904
53025
35964
27287
20657
40634
80737
75330
66829
67470
44875
23327
28729
1950
71003
9651
60455
11410
6229
91834
1764
27151
49891
54819
15863
41971
54223
43211
2758
92877
32729
76014
45902
85046
19653
82912
25680
391
58242
8861
84213
3117
48541
12943
21419
19544
22594
81874
47306
45176
90060
49070
72327
39951
20241
88190
81922
74465
47754
1032
67342
80483
77046
13245
81881
13052
12509
7562
13443
70751
32775
14008
73868
81316
26951
95287
17212
65898
93513
64518
11074
83573
29940
83401
23524
66534
87943
21798
40999
35697
39183
24693
32533
16229
54290
14414
45633
66799
38328
59076
37550
87456
89437
27770
68772
16388
39409
2337
82286
32922
83207
9712
16495
29500
9465
56371
96034
13761
78170
37033
65810
17353
78078
98343
49934
32369
29110
95568
99168
83790
70996
36719
71246
60433
64489
56371
93174
3899
75060
91812
53173
58267
1525
69669
87767
27342
26040
153
41103
20562
53538
6914
37915
31617
21609
4202
63986
67071
99770
63154
50862
87118
16225
38460
47552
80715
11183
40726
966
86243
32538
54139
60863
50415
40160
48630
77758
82553
65136
18861
3115
18674
42127
41031
50291
63737
45233
14277
30808
61355
77432
98022
48473
93657
52835
12377
90724
64018
53103
8042
66614
1994
78534
27477
52409
35046
92459
30167
17599
57595
65381
20715
76270
7508
78098
26561
71245
39683
57191
18406
1038
34623
32780
65863
44632
85615
78241
51709
65986
31344
76103
32600
49690
54637
60077
2100
89684
52536
32267
23635
26484
97648
44350
2754
21509
22448
45667
9106
62131
2858
27512
79521
53833
76645
45385
98466
78612
23626
66527
44598
71322
42630
93550
21013
13620
53627
39465
3304
22516
88084
26939
65352
2085
87642
68106
23594
26442
30125
32700
88574
32984
76565
84447
86817
53210
46184
1635
31822
86162
68162
92773
57485
27145
86323
94850
40765
39951
34315
60421
78819
22399
87360
44171
40836
91354
28629
64430
17797
58754
97131
22723
8090
73696
7170
94908
26906
69707
12895
75080
55869
81058
67853
29706
8203
54177
24556
65320
10480
75223
25741
5651
13975
29453
66174
54811
20808
94803
19242
38605
69909
32725
77680
78000
22773
1202
72908
49679
70909
85803
41111
26779
83213
25317
72837
7768
79494
97394
73088
6326
88969
98829
11977
19296
28283
78151
90460
65443
89306
26054
4048
59215
58779
98080
37215
81552
99282
26475
47583
86544
28631
5046
13323
28196
30363
86160
35965
26209
99906
25405
32535
5228
40587
60864
40876
85222
55367
31336
50665
61025
57390
71065
20241
32521
69145
73808
14073
68427
284
78008
54971
45267
83055
84646
73463
13418
87159
25780
39628
3417
51186
88515
24997
8125
65732
65874
93347
21099
97210
44012
82125
70953
15077
18718
3474
84222
92526
17548
69001
9162
11908
40325
70781
94963
41323
44245
8382
28482
70025
64362
48252
37563
69229
73249
45688
34961
55475
39035
56061
69038
83047
54538
39991
14476
89608
43465
98698
98486
77365
67700
7649
89274
24377
78430
84237
65700
39027
8971
10535
25405
89685
58787
62968
58915
48388
25009
93876
3864
64044
66289
72902
63444
20827
29245
77920
10435
72710
92971
8922
66428
77023
32923
55702
1400
27705
56291
67100
83085
81615
77635
8490
71300
52774
71458
30215
1163
96467
40444
21379
76864
6733
10633
40308
43913
39878
34580
54348
28940
27551
79622
11720
4574
28897
67422
22326
72955
40066
89427
56040
21681
83414
64530
9333
36189
52340
55901
53704
65160
96345
75083
42024
3078
85716
98684
46991
41946
49616
17692
87238
77168
13666
98959
98094
58916
82733
20421
31871
22799
26200
4263
60832
9614
85145
70166
62155
37485
26067
15859
2645
22412
90942
61021
41842
93010
76057
5186
51308
25674
22878
38547
2842
52896
37506
17288
11812
20239
37709
60035
59391
63909
64298
20223
89876
49443
90389
52031
3281
16456
84243
5926
55220
91537
83300
97063
84548
59357
18601
52208
85031
41479
90755
4225
10727
28261
21514
22540
64853
75575
98927
24244
55837
63226
44467
45713
29021
51209
14096
32302
84017
14691
54581
39238
6229
37881
52653
7129
13590
71254
59337
98622
29085
50093
2847
39812
94706
40713
78704
75911
16289
77632
155
72126
57210
60975
34191
86231
12184
48287
18534
96201
79331
89467
51791
85560
27348
20796
92689
40938
8402
52026
55912
53839
18471
75112
10004
29530
15825
88708
5441
32114
82692
5597
20592
39902
82924
54783
42486
95108
19423
61020
7661
98754
66839
75805
84314
94187
96601
93355
51477
21356
61733
7390
75195
80205
82502
85199
26087
14679
90260
31528
63146
72952
53477
83738
12855
36401
38522
55341
47861
74297
32713
55523
73051
99552
47680
73717
10091
44281
67072
77920
65637
45157
1662
57185
41714
516
42384
67801
15196
32644
99330
78342
21949
52807
62080
51156
5561
16954
6497
53422
91251
55562
25297
80654
71466
72977
54371
97909
17259
37795
75829
99248
99305
77492
72785
41019
78008
15170
8821
93204
64166
8151
87898
86115
77310
66331
37271
82871
83285
60120
36294
90889
32034
61591
71543
19852
34569
42267
17761
68180
96414
93591
83780
95719
87435
56566
36739
65443
88088
61912
75000
68606
70063
62898
71074
47373
45581
24697
46597
28867
1170
82891
19756
33204
60834
91299
53057
11755
49918
70818
96287
46333
80761
80068
58404
68196
52986
95143
49992
57426
57055
24992
42384
43470
4242
13458
7196
49824
38156
53793
95043
39326
53036
14799
88882
30222
22450
58291
41978
72369
45462
38265
35054
26223
34685
93458
10772
4023
4954
60764
61449
78361
2108
3834
21832
22702
33644
45380
72526
88152
99173
67569
27478
68561
98720
32713
98783
37523
91004
57113
9892
52818
11731
61298
79042
62768
54756
6166
66792
59710
83282
44593
38072
85390
64779
76256
8092
14776
21636
96971
2928
37161
80892
46759
22074
79613
79472
37209
17136
86828
94323
43380
39647
22406
4678
35041
1526
75786
57559
84670
51849
40841
45616
6273
26231
10395
98881
50675
41523
20517
47646
44452
74030
28539
7563
96104
24504
3387
33313
41640
90215
27636
1372
46214
66394
22402
97607
67921
14540
55166
52591
66389
96007
98207
89014
38590
24955
87895
89266
82830
24764
36912
27282
98794
81803
51197
94898
6307
54584
28212
64299
61152
72200
65671
23718
38595
4425
21326
22868
18966
92844
91811
1707
5204
6371
7074
43794
47678
94969
33060
30508
19734
86325
74143
34880
68128
25340
29779
90788
79925
57991
55087
57429
46543
37111
81147
1490
41536
2473
24358
76854
11670
32522
78562
16874
38893
1988
60668
86571
96957
10081
33431
33043
12758
7574
67924
97238
49267
14055
88026
29192
88398
43114
2973
34941
80225
84120
36432
38113
86594
77142
14968
98264
9664
9882
31490
64909
11870
92158
67832
25179
18591
1264
58223
47701
25190
42499
44940
74457
56554
32966
20001
44952
76080
22974
96245
72657
7095
32677
10771
10041
26172
25739
24657
52188
51973
56147
17098
80195
64657
84930
5374
99601
2546
79949
47302
27737
22448
92242
18546
95354
25209
38548
40306
17641
61522
52904
90299
84969
85581
17422
95010
28105
59513
36019
80294
11486
92166
13744
91681
73176
98674
13407
72777
17573
93357
20079
61662
15805
28674
80208
11160
70235
18756
67818
87876
96631
20722
94527
97952
22656
28301
9315
50761
87814
45334
47407
15652
37501
61151
23685
27029
76178
37093
99806
93751
30450
36237
55413
62607
64911
51973
90119
35146
70730
74290
39375
83713
11364
50254
81665
34020
94908
90980
1134
82722
36315
64893
14727
90168
26045
38412
33549
18575
91857
33355
12326
22307
69592
84091
1267
50856
36064
7738
2354
23146
82028
58081
6859
9745
24688
4877
43765
19596
12209
61251
2318
64876
42497
33397
55044
68542
71810
4945
3469
63667
38300
15795
2327
24245
16238
19946
91453
68654
27684
93807
91801
26065
51889
15012
35810
92929
19889
95927
12525
48451
73531
31195
13327
16028
64593
84724
922
36403
89669
4391
16422
27970
36538
35101
68567
52776
55047
60020
21430
99084
70179
29583
25149
38420
44596
60959
31349
80837
56886
43874
45640
30417
75070
58968
62797
39663
43692
63719
92418
49713
68110
25192
77683
21000
60294
62602
73776
31693
38974
11559
30777
9154
57494
55926
47574
2090
33237
78924
99280
90124
39150
44920
36893
14220
20240
16043
70235
63932
79762
79005
13646
64225
20550
7681
85225
97196
86636
75354
28889
25610
3265
59667
51116
60759
31945
98691
79202
65183
93967
94834
71659
33117
39754
24904
63690
59995
40947
50277
40279
37062
45635
70277
1287
66185
94311
2864
63381
80947
78218
92270
22909
97835
68289
74026
58595
16587
72717
37797
81770
83036
32631
69781
32505
88737
94685
96195
65084
51985
62825
21716
89047
8460
91993
6686
74645
86304
9550
38026
83603
4121
46648
6513
1956
31290
80539
76903
47877
69608
31052
29647
52644
63683
15780
1501
68773
10465
14049
33857
78802
76874
55573
84201
85334
63919
90887
76331
66575
16790
30709
50179
37263
77357
56692
39219
8647
37231
32475
56524
23191
63527
2523
75835
27211
18303
77336
12336
45121
91385
62545
40275
84611
34471
24477
86297
98390
15364
62628
64965
48506
93337
15144
85769
87047
88188
41341
12046
25419
73816
84923
48610
37343
87446
40797
80906
22102
34486
93242
83575
42223
55788
23850
43187
90259
64679
29484
5001
96396
92113
69966
44902
1802
1463
47024
5201
89651
88365
17248
31423
62181
2171
96385
99524
5969
37183
96783
44423
88021
90025
44350
46596
62165
68201
89783
68776
49232
35620
73777
45628
27733
60096
90531
45887
61559
37555
67441
67562
42272
84689
98985
4453
3212
95371
20329
25533
48906
17112
69957
53279
23490
14307
99875
2007
98860
6011
70784
48093
41631
60913
93721
85716
37361
604
31603
15272
54511
99044
82835
96783
85
81820
17588
3297
77191
54270
28831
26097
71382
15140
95728
11224
45799
95604
29584
44660
1615
16720
92753
43246
77633
2826
45314
31347
19783
76917
46619
90646
92314
29454
87430
8751
11275
21370
28401
4818
75640
73584
47268
63375
88724
42996
90951
34523
38600
20535
95535
56567
37255
4640
16165
31241
7467
61479
62588
43602
54749
9207
34248
47063
38662
38030
72166
66289
59401
567
71107
51393
74151
18375
31120
79227
61372
22072
30103
99972
42607
25638
72892
96215
30279
89057
27456
54098
50537
90044
97700
5286
15603
48300
68701
70617
86331
57219
36906
62084
57787
8014
29829
48290
26389
60950
43870
4113
83022
73973
4086
41981
15963
93330
38196
46242
82387
82004
16692
49276
88400
30744
54562
4004
79045
39615
74621
81728
96835
27880
43812
70974
35894
73641
19264
78635
50943
63134
82749
33965
53459
3187
92299
69423
96517
46847
32017
95256
28852
48710
44533
33604
79454
15447
53960
74851
55063
44934
56579
68250
72814
16743
39224
25060
90385
74840
3695
41328
54327
2796
91646
7786
5983
297
77209
18852
47144
9227
14109
92348
74289
58642
42305
70095
90441
96265
44947
61856
41199
1526
30106
30365
18270
85682
55425
25007
76875
59121
82687
31202
78269
90685
55340
84253
90982
48902
19457
54479
58129
33566
63179
48770
8560
21836
18865
99002
18102
63812
77210
75653
81691
7317
6019
16313
9351
61444
57672
86226
36917
56711
33780
15187
47397
89121
15792
54731
38023
35249
25562
12504
85168
5094
61274
10080
26930
96491
25434
45032
76656
2645
37038
58347
26314
43057
91012
35665
20853
65036
21892
74123
21747
72024
5662
69144
61145
21454
40228
15520
73055
65790
28024
74575
70884
5650
84656
97815
2142
10090
59199
78798
29087
96237
53497
55401
55646
60861
91067
76500
25897
29311
50623
47644
1335
56285
33141
78833
94091
73369
94353
67146
55511
22378
41722
26396
28028
42730
40563
46522
52820
16114
41672
98260
12352
95169
53661
67998
72382
44728
44498
98279
90391
11473
45924
91727
84110
95417
86912
78201
68786
81265
61700
40649
3643
3422
83397
48024
62504
23960
10898
15324
40075
52571
29936
68779
47740
83598
36777
20123
28326
97628
34754
35070
9101
97030
26797
9564
92447
30061
87765
77585
11326
49465
18235
31322
69239
1632
79346
31743
41945
6596
63420
82020
59167
93356
67151
23260
76954
3928
59735
21633
17908
94489
56703
43362
91520
99852
52926
319
29913
40691
77905
41239
90157
12492
72561
59396
30476
68259
7492
72421
74856
70912
70793
50375
64268
37944
73635
41223
58225
33370
79208
76133
44212
35911
19495
52084
52115
72421
52403
82028
29465
46660
39619
19622
75504
12181
95370
5981
96792
19214
94754
88000
90126
65548
38376
54395
19844
12011
11970
78069
61734
7530
54203
5946
43441
90050
58030
11908
62472
26785
93936
91937
89798
33555
27911
65302
62088
39633
87635
75233
58848
82390
63233
48974
47938
17961
19721
84134
29973
48043
62204
8059
71925
32759
14005
15366
22809
88387
27274
1633
15172
37562
93570
4970
87470
37833
86625
65910
93819
74260
41143
52667
56650
20729
17993
20940
38690
54067
5075
85015
18462
83631
93074
90388
16390
7079
22106
39199
11818
65733
40833
43343
3295
50755
64665
7117
4941
51290
73028
98760
25551
14171
67779
98553
51252
85772
19494
89943
39839
40921
74958
74654
24552
84385
65042
40942
91464
87148
96493
19635
52881
53678
62978
72529
20786
27643
79646
25727
78934
52674
40839
20837
83198
8618
35742
34450
94390
71588
40745
50582
12509
32056
25236
37061
16441
6630
94355
24257
93778
90849
43892
63012
60879
6870
35541
81665
50866
15187
23744
46152
84214
64583
66989
67412
89553
19083
18214
296
90672
58960
50878
3181
7368
92466
56595
23809
99096
67302
48066
9226
74503
8311
72238
35383
31533
24131
33400
82399
55671
57145
28551
39885
38080
11892
23649
27634
30976
41863
44282
38000
17175
95160
41181
40895
3978
14128
64704
19426
81431
29123
45004
72286
37434
33595
7669
85319
57726
41070
67719
13397
14567
12622
69634
68999
24515
93283
12985
71843
51499
57267
9843
85026
52427
67376
25922
72757
97857
6978
8535
95640
36101
53540
67926
89887
87135
75596
75207
61213
33018
42926
90963
63937
71900
60597
32936
12767
70233
45922
84610
38084
3189
10805
39462
71969
94534
65384
61078
8743
88715
69614
4383
24816
39506
72309
31056
42993
64257
6263
20558
13627
65541
11521
77564
53793
88471
26853
66561
75056
89127
51171
13140
92316
78329
52602
80637
89215
34339
41716
97958
23054
27682
18693
64222
67188
91002
11630
26533
71612
17893
47091
1591
99786
74965
95508
53580
63436
22361
20141
38492
11488
87664
67984
20156
82345
20586
794
71560
71277
58862
85870
10683
2896
4563
74906
70084
11918
86536
12969
99882
20782
76412
1473
36920
51377
13333
6852
14813
35694
43345
69657
63534
31010
37641
43
29707
74580
17189
1268
45857
92403
3490
56541
95299
8054
47799
81735
19972
34335
94704
19854
71469
71116
37679
24742
38846
51013
31594
53659
3059
74940
39669
66594
22302
77310
82989
52009
51890
16530
69629
14100
8933
73120
70641
4232
97526
18440
85967
17498
69127
97023
53704
56949
84491
91383
81691
23337
42396
29637
93349
45456
4577
33018
28402
43231
26680
27743
95241
94923
44273
81222
9023
53206
70694
79664
73790
84572
14456
76109
2070
83583
73132
72126
56884
73975
63510
38575
97313
22258
68213
7014
84066
89142
56384
28820
32374
83064
56563
43967
94339
836
41541
3362
70394
12236
99378
60536
96808
30186
36645
15231
13770
26129
3709
70654
16457
83571
25582
13770
5830
93795
37136
6248
99289
93520
35069
31663
92936
91632
75630
87276
8821
17172
6990
95567
45760
6369
56104
58920
36555
9101
90503
66677
51583
10565
53684
68040
94136
79266
98162
16318
89413
35298
22567
88702
45170
57636
36718
38106
49268
12348
41734
74441
45872
48725
86361
7984
71446
58817
83257
24353
67918
90112
91031
35853
677
61067
20245
94814
56685
18407
11132
46098
70057
33699
51152
31579
7687
87870
69686
73308
16571
11420
47749
62443
76497
34110
86780
47943
92927
70037
72297
77198
76501
79680
29403
77179
40747
49649
88345
97432
84408
99477
59882
70818
49529
11034
2397
57216
98905
88435
30524
15476
16208
94626
94271
92705
45088
97403
40649
54368
83792
29298
47918
60294
8978
77321
37473
49725
26970
25818
63509
27731
41647
23391
98549
7528
50777
17298
64745
66034
5734
11621
81510
21942
22599
92134
14647
67688
5889
71648
38408
89682
946
86326
49976
9924
63647
3801
76001
6970
45971
39510
34701
3970
79253
49602
11499
30031
66900
92596
96065
72634
20569
93928
10928
43169
2414
41928
27209
8303
13576
65617
97985
30875
51943
64313
40799
15590
68114
33153
22560
14085
72663
73613
18056
68269
23215
45907
98300
90116
38503
10717
79102
59072
20997
6383
2241
23411
48311
45802
48067
78239
11419
46052
9114
63362
10366
66266
95305
94832
99419
17865
25270
88434
7831
59678
56703
31046
5585
71355
37514
44088
98425
32969
19512
19422
55704
21754
59186
4015
67556
7253
98606
95328
53305
7721
58690
80023
73987
53995
91208
89758
88213
16478
78192
12396
76156
51248
43442
81741
22603
97309
42181
37380
46630
61693
56803
2334
99799
15989
22701
83708
23242
21307
79036
92899
29028
37726
89275
19367
8074
80483
9125
12639
96961
87318
25035
89469
38566
84829
87562
77521
98490
29743
14902
45120
7788
88057
47454
7588
4046
86507
91296
43640
7815
70332
52891
53195
24410
42166
72563
48836
22649
81688
61475
35962
85358
86510
25431
40276
87692
12993
34150
86182
59088
65404
31303
66877
53461
95109
74465
73859
81617
82113
33851
89432
68797
86742
42627
9559
28909
31542
58396
51558
29583
19871
87521
31293
22734
29304
71570
10426
42298
22072
12960
1386
87476
44263
68263
57289
55725
59080
47500
37342
57545
81351
43126
26342
68093
2105
52254
13354
50000
10650
64913
79583
46873
68786
10876
69607
98090
98798
96385
56740
20870
9346
58127
24698
69961
42742
98339
25686
18175
45839
79380
92072
43542
38858
34767
27988
57316
87021
41342
7316
97671
22607
86899
44544
91393
14127
30504
5836
29278
43241
62576
66500
52587
37055
91199
38901
96150
5890
64587
30677
68082
60320
22749
11624
99178
57516
39612
56494
44537
80955
80162
58560
3562
83413
19457
11308
97541
49961
33496
26819
93202
96072
93319
62142
49480
870
1043
45630
23113
81982
76307
91195
42302
15408
2819
41481
72925
58784
14327
33814
56091
94490
8727
76005
77903
28184
87313
91796
94497
37161
34967
4051
49586
44639
66193
99066
45509
83588
61048
84974
81923
53707
76169
24225
69115
95341
82058
58392
70477
12738
8559
26568
7228
17286
2573
1483
45470
6239
93280
39967
43400
28247
60370
92986
72886
42916
8404
34748
26504
69452
19722
8427
39511
12244
49005
8627
7585
31063
83371
94414
60153
91930
20982
67381
9216
39907
85217
71038
46146
94849
27357
5899
39448
87728
15237
28687
30644
23642
63435
73500
9446
99509
98280
48958
28105
47285
73937
52042
94700
57308
46456
54854
49239
67438
38587
74807
7346
23804
45846
69844
18653
73203
92095
58102
77283
7333
86789
7927
47327
66576
81428
56773
82437
96060
22083
10543
43345
96020
78937
54397
69681
25394
9251
18920
9184
64191
93727
32882
87995
55925
2727
23001
29129
94822
97455
6412
18507
84244
30692
65834
67172
28472
22608
65961
24532
61043
92856
84229
57064
71794
38626
43097
13540
64230
62017
22724
28421
72096
55607
32768
44374
74686
55769
73503
69508
53224
96267
88016
53820
43311
53850
37344
71783
92810
3306
12667
70206
96162
13248
27270
84308
51875
70367
97848
32457
48736
20573
60878
37184
92532
93646
81558
67218
65768
71413
53078
18992
84033
41094
72813
27344
11297
26509
15480
20459
29815
44499
90665
42330
57748
34287
26638
25975
21006
40839
58432
86094
77764
19310
23279
70296
29308
21189
53866
95076
92603
6944
30421
76636
64391
19586
20332
92040
46095
52164
12499
75911
96664
19517
34593
54412
70156
61231
80387
91163
18422
38819
77257
96186
74481
16888
82834
20141
38078
36700
15218
47033
59997
61991
23669
24388
81577
60353
16428
27672
12518
45279
19935
9182
81148
54528
79946
51305
32112
76685
58820
50534
15504
52429
46721
6337
69318
45907
26478
23748
82608
58048
70781
42605
20039
10802
83345
17968
87507
16125
45641
25
77756
65576
25559
58905
36457
21857
26562
68569
98542
1734
19103
30398
54163
82176
53087
39833
28084
95918
79933
27044
53966
50714
86001
90358
77868
85698
24678
65376
1823
70319
81753
79579
52248
23665
54836
88705
45522
97750
73626
60417
99484
92729
90815
70000
91258
43903
9833
35694
39821
89767
79090
10139
56833
81443
16849
51054
67141
41528
32782
68964
28199
14535
64895
80447
54552
36084
85504
16427
50186
59130
76844
66023
68212
84011
36023
75822
44266
62208
11516
439
51975
6958
10579
25161
88401
43780
76215
55542
85308
8997
40858
29860
39884
5753
26659
10789
58189
12164
27216
8376
87646
20412
74399
72210
4423
26774
48032
48690
88982
75900
49129
57310
82858
76060
82471
71259
19841
58686
43153
21501
84035
84011
67713
40271
89765
94373
51060
64306
6537
78276
72682
10535
98688
63433
82746
19464
90207
30778
84506
79190
6679
49987
36500
89537
26048
35323
77149
62241
10361
20302
94
94396
4314
67808
51019
10431
62181
2080
74737
85070
96708
63772
95605
11749
43557
94703
31213
50117
25482
15719
45659
48513
65706
98511
38050
8106
33834
31551
86699
44195
68206
3146
54943
72520
87306
5962
99303
49487
24394
90392
50909
21103
70516
62866
32852
14074
57570
64065
64191
83052
96136
9850
47917
78194
24713
2319
2653
58547
33871
5704
19094
2077
8850
74037
90949
96156
96351
6604
61995
20746
96996
29256
58201
67513
92123
91053
97939
49693
71470
78482
49097
67606
4684
97014
62152
29397
99333
81157
87944
49556
86862
23390
67985
95712
13779
58934
8221
10130
65538
86568
47228
78887
15825
5429
62752
7948
12834
60691
73993
84304
55525
39442
68262
60209
52808
30415
89606
68493
11572
93902
34402
14786
17292
2387
10499
47423
77674
35072
73905
43212
21640
21134
38451
37465
42915
1203
61765
55750
78246
35758
56406
33771
91552
24669
93980
44360
71436
99938
29206
83008
10192
63608
97795
43836
65995
24646
91259
43669
76070
65165
3234
97710
2651
58037
35176
61918
59241
13293
17668
53839
65404
74075
87611
56956
15096
97943
17669
86532
97882
46875
85892
8074
26835
39
51911
92830
41037
59522
52852
17107
24687
72438
14818
43690
30475
66346
5609
6068
79639
39629
59908
45043
30056
47519
18352
45152
61814
36021
31684
59696
99248
33929
84123
26083
33968
52386
35265
75006
28260
88117
92113
52948
76907
23283
12990
7383
89629
18599
13451
85621
58229
73359
47016
88285
37230
81720
49790
99045
17741
97826
75093
33341
31755
75568
59424
65724
44306
11042
40730
72567
15511
49195
41867
92419
72479
54857
16154
78460
73457
29605
80433
48038
19317
43802
52675
72899
25522
2465
71944
59616
292
63390
92957
48399
38958
68734
14123
83265
79776
71205
72184
11639
36753
14051
4058
9232
68908
20212
4044
58717
66170
830
23107
1839
44632
75783
74738
70154
94600
63035
29770
11244
26425
39080
59644
81735
7814
73767
81352
3942
61325
53536
15581
98078
67587
35992
23662
52848
72556
44058
27917
38726
44888
51025
56917
5872
43160
31656
76027
37760
94691
22149
49005
37468
61229
25001
19203
85395
15120
16908
89337
76445
70444
21271
90875
54384
57263
14537
23584
46171
74948
51501
1250
19836
2526
58167
25709
45686
89823
18088
99799
84514
40237
65156
21982
17819
90157
57538
3214
5277
74446
8904
98075
61242
30175
88950
15626
87438
19840
55562
49961
94788
7064
51211
14624
9590
9379
56685
71629
99202
91125
71428
69
31363
36584
38403
65534
43093
12293
68748
48370
86739
77652
46445
47982
24179
51748
79960
11617
71588
35523
77931
66376
58939
29142
97352
68529
38521
70390
56510
54076
61515
44290
54145
9230
80874
8900
74764
23967
21194
59865
88690
24285
37517
51487
72267
61697
3235
68580
89666
91175
20455
67597
57551
79394
13092
71256
64275
51613
57998
20786
5689
19513
65076
76186
28744
62303
85087
19860
2622
22633
79725
7664
46918
33595
59152
35538
11644
78739
20470
17662
69915
40925
1612
43818
20319
14704
31426
946
66317
89424
21732
88359
8938
3161
80897
54034
81816
65984
73894
790
4969
69972
8455
51888
3567
67607
3778
31563
62698
24248
49225
32613
65173
50837
76432
1844
81893
24210
2790
64563
13635
24523
52922
38925
44036
33819
92959
42204
16156
83205
42994
21125
69529
51449
89365
89448
35408
93143
21011
98107
17391
86589
30720
98916
53778
23504
760
35672
64067
3551
235
77702
44426
69509
16627
4814
19680
25938
47018
52188
25495
90012
89666
95025
41462
79031
84473
76870
88527
21837
91329
22270
8426
38402
21187
62204
61906
21947
14228
42325
41850
30815
20027
86276
324
53006
91090
20005
78944
38108
88545
20792
28121
78211
15817
85935
57243
16642
62805
62122
54831
70487
84392
79609
8889
5579
41814
87147
43879
72394
29473
85729
3210
49500
72006
3534
2507
79448
39891
97803
17557
28437
18595
62030
6648
50764
47965
80243
83759
27122
42365
38590
97609
43110
18200
6498
48689
76366
93646
92568
48760
39471
78298
51970
88971
66656
71857
7830
46104
28100
21986
80013
56537
40581
42043
79538
7698
6360
76133
91457
49835
34851
46399
63796
77961
80951
86647
43002
57317
96645
35571
22430
36116
30221
90752
41439
13229
78961
49270
59333
7062
71256
39347
79951
28189
97742
59489
52239
20455
35623
60048
70290
86826
6448
50438
64787
87399
37085
7789
61069
33730
59712
99851
86198
6285
90603
27638
19514
69565
76908
78848
76627
64516
34547
56578
9057
48641
32420
61297
69096
84395
21345
55738
71221
44145
6177
36008
31545
59614
60149
8966
9697
19862
8817
95895
42499
15772
23533
62014
85337
16793
40862
78316
97661
91761
34895
6719
40402
83667
84368
25851
68062
22065
81589
39283
66211
4118
91643
14108
63733
51792
23074
89782
88006
48243
85677
30506
64015
25563
8872
49353
58708
49734
44021
56370
57847
95268
79441
98249
78935
63809
40452
46997
85874
22042
2632
68437
42512
10627
82545
22597
78772
21971
12379
66778
70214
98057
13636
34230
39972
22508
99935
98680
88594
43956
55050
46441
55577
50843
61043
34512
14652
1495
97862
16879
39889
494
85316
82402
27474
67862
4999
6246
6185
17379
73024
76400
31788
3013
26982
88112
41873
26917
86792
30468
87225
58195
93261
42802
9038
70656
93667
40043
88504
91529
73274
44745
8375
58590
43499
35849
42804
48499
42095
48990
82230
31472
41742
30370
50837
68724
18482
92710
11993
21626
39530
99218
79821
49144
58373
5212
36152
52040
61607
24656
43569
34881
85754
68296
9823
29253
4146
68980
94104
62593
34322
76334
10417
76064
23056
61254
44788
57890
53965
56781
79517
9847
72351
75690
58991
30724
80902
95144
99116
58861
36152
42685
93742
38258
27334
3566
67512
31480
72546
61616
10425
6868
54303
20843
99284
77359
82097
60424
35250
52414
17205
31119
62262
5908
6809
37605
36633
4064
49101
35749
62925
1606
94787
73020
39864
22121
76586
23728
69953
65484
85345
80378
88704
39648
1221
4340
33359
99671
64764
84961
68437
81969
32432
30699
4229
39242
84657
57214
59658
50110
9316
38935
51716
4103
11955
7933
42576
4893
31661
28881
86729
33358
25611
75433
89358
43185
79773
39070
42856
60889
24031
11293
42858
56464
58345
63440
12058
59354
20654
88068
9464
29970
27003
77533
50425
55311
1818
93001
60204
33479
38234
46934
83190
63846
38719
72548
7031
34845
11618
49887
95734
52002
77532
54945
24818
52229
18385
36876
11583
39039
24944
37400
85362
68299
14933
35787
23610
33103
45141
83815
82934
83375
47101
66124
63573
2172
38673
70604
53369
66643
36843
49104
18645
30728
20401
43463
82957
55138
96691
94541
10529
37987
48293
95891
6287
63226
31679
29897
12681
93172
30064
95615
92899
93517
61740
56473
95690
16765
27077
49059
83408
80273
14515
18406
11001
51268
78221
93958
6406
74913
4851
16936
12900
53144
12827
35539
32722
60858
81789
45403
70382
11853
57371
63282
21723
19111
19755
33765
52228
63184
99176
35636
59809
13692
70394
70810
64960
48616
81121
87719
39881
2324
4655
69133
71821
33834
4673
4543
94693
86462
66299
65075
14667
40022
44709
52742
59133
80816
86507
11361
44001
85684
63349
20162
15728
50096
7325
97040
98712
88446
84759
54945
7122
89414
40430
78943
23249
45103
99839
34294
47917
82490
15721
78937
22512
60431
31679
97997
41247
18187
9358
1600
20223
89059
21763
35951
39155
29088
32991
54219
33886
34103
9164
57360
39869
49595
36304
63118
11050
52495
13764
75320
34985
29486
70609
73849
89917
2288
71846
47516
36827
97556
49117
57050
2967
87232
9353
42123
16320
58697
12694
66558
92800
21859
23918
32669
87806
76574
12140
15208
45421
25904
6880
96758
71742
77489
70607
61659
96130
58805
25528
49309
56361
74645
6360
59329
61877
32065
17804
94549
90762
30498
77459
83562
68709
17729
16232
72867
10656
28372
4428
56077
70628
11308
52836
42371
5150
39795
20382
17632
14953
45910
66941
71314
36907
73301
46995
15136
5367
81151
26037
96129
11650
19848
96044
96711
53930
28628
69579
64586
73352
90359
37015
43980
18019
6203
2703
23169
45999
23086
40801
60952
85348
7743
48618
38608
97396
11966
70096
19115
9469
96134
31597
21119
32334
27641
34183
86264
56269
20114
50850
45973
10473
87866
89953
28492
10421
92657
68014
56420
32095
8815
33724
33795
32910
98695
72403
46659
27013
42500
65774
36482
54986
13723
73954
87320
57716
8137
73585
30337
28251
40787
76310
55076
45005
66264
83568
55427
75273
51582
28199
23720
76750
78276
73867
9660
76971
62623
56319
3984
5123
38446
40466
76461
52169
14420
80133
9886
38909
70070
56575
83512
10858
32886
38588
55863
15502
22157
27642
90775
90091
55842
30847
66841
34118
4714
76502
27441
67337
49173
31425
88812
3971
88243
81625
72493
19016
61759
82379
74277
31829
55306
57790
59039
88192
96378
31255
3694
18535
58897
10821
8627
31091
41668
75468
65209
62735
68322
92650
30072
33848
40427
35237
37819
45023
16862
10312
80391
78621
9043
54668
26803
64350
12458
85842
52542
8837
17097
72589
43724
75995
83410
52351
7086
25079
44172
88648
4166
28846
97650
34238
62694
54430
69475
16866
99453
86338
43530
96196
81311
68926
50864
8114
33276
63323
93957
2170
88512
11054
74759
32236
3401
74522
940
10488
15953
45112
15488
20119
90310
13138
54357
69357
83920
40185
86223
99725
42875
46105
95921
24186
15031
46786
32301
48307
26461
42610
66830
14973
70016
57941
63561
73418
32463
64501
258
48416
9613
15746
68535
16276
45236
39245
85633
29157
95782
71856
28882
38657
34313
24804
79195
49345
87942
27848
97652
30755
70458
80834
62080
40475
38776
25641
30245
71239
90143
30503
36008
16108
62601
20895
32384
24189
76492
18017
69698
72274
6225
98581
27283
40539
39737
6479
6236
44031
34327
20240
74786
21138
1075
36866
77965
39851
78859
8210
27442
69002
55065
79802
1463
17666
17050
50199
58207
93542
68217
27906
65817
90794
42839
93100
47685
98928
15931
53921
42959
50259
74162
34097
87749
91589
87315
65714
31440
66174
73924
75234
51529
45341
71389
52992
79359
88439
3191
37566
81981
87760
65472
64150
94907
24663
73603
42592
23591
89534
12866
82902
56145
3380
16999
43894
94969
20666
25960
42761
86841
16236
34347
38370
61577
5736
7714
40936
94175
27257
78503
92509
15018
60327
73011
26277
1343
46614
68869
24934
52501
98087
7837
8646
1467
41188
68893
12788
61855
94853
55549
65048
11090
89897
19770
72667
95633
27484
29956
6161
54741
24811
15022
86111
1490
88033
12388
2833
34648
97610
44120
87149
95697
68309
12147
13517
9497
97392
26305
87704
92246
81855
52752
19688
88104
72522
8707
89
16358
38663
6250
87452
79826
21272
73563
81317
25658
2304
84150
60306
99914
28270
63807
11963
96579
92306
41832
22429
89699
84490
10133
98297
82697
79238
17985
70801
68112
43044
70890
84471
98060
93493
71923
77886
31117
61838
59203
56775
80494
43354
17081
80408
87976
97240
8724
908
89547
66908
23337
79246
51398
49822
93895
34095
29060
28232
21248
97173
71276
8491
97996
69336
1984
86271
47223
33101
48109
22778
89877
28604
82484
23310
25364
70461
20551
50440
71369
26450
17349
94706
22048
85099
60880
15943
35547
89941
44175
56795
3466
31803
81638
17814
17492
83622
4085
81067
33076
68546
3845
39305
13502
86330
62615
55219
56791
99518
5659
44512
42320
39360
55570
64368
24460
16450
96663
76359
22743
57190
49506
26209
88994
31145
44023
6486
31119
48108
87553
64195
33007
7750
3500
46509
94080
82468
1728
67223
81986
23740
11735
24307
63100
67305
5027
3912
108
18043
80271
22851
75233
29778
49061
80579
77275
9436
87065
8394
73897
90970
72590
6904
15073
92442
53413
9153
74910
71494
76377
73249
95234
4464
13908
58334
88122
35287
78599
88230
53330
58870
11081
28564
5000
76494
9143
82275
85931
12561
7022
59828
19883
79612
66732
34956
88406
36497
60462
79669
7991
53191
69270
3225
57655
83178
77912
62129
34817
56511
50359
88148
31733
77793
33064
53086
54287
58559
51713
40218
87472
58735
46
7356
54699
83130
58664
43106
19628
19126
39127
27619
88669
8397
47197
62677
7927
41461
24806
42744
97972
91518
47244
46057
69311
80308
15495
23598
55220
67209
80169
42692
25944
80215
50048
96996
79698
25065
56454
99326
60543
95581
43297
49213
20330
90494
11890
28257
31955
53048
87353
46279
44566
34598
8689
13877
31258
24184
53828
86478
7745
33997
29171
50042
30564
95571
47038
10262
20636
3492
9588
81180
99073
52886
46745
19403
59732
58635
64012
91688
11683
51365
54319
72602
2315
63008
86479
49926
87193
56659
36404
11290
90656
81927
61332
37573
77499
8370
47835
14487
11862
73776
12019
27287
43014
58764
63042
2746
33751
43406
10786
61787
94772
65106
34389
13439
28114
37220
63365
31659
93880
16122
59302
888
98049
20634
38461
91900
29005
2649
6388
57219
76425
18407
859
19439
93524
80253
38537
27275
23660
49324
89062
34784
30782
39803
64575
75248
77024
27941
23260
70904
44063
82562
88144
58464
19548
26606
50365
48553
45607
56753
22125
22032
91512
39336
57823
1388
19589
12712
45016
59601
78388
34078
10737
9170
90234
75313
771
67258
3254
24031
54514
63669
22945
42658
22133
42493
85616
72498
7399
31223
45603
45876
69607
53468
85212
43782
54856
21153
56495
99872
97107
34883
50303
7844
60406
40537
83157
61177
24147
2763
1560
78661
82784
24505
37671
4918
83350
39640
93768
90749
87215
55724
52977
56823
9192
38189
605
80400
75695
73452
96625
72802
8336
46928
96998
85094
3817
80156
46271
27964
99271
64183
22977
82056
5040
60648
3326
88390
288
97094
95492
87504
52818
48469
60679
78362
3011
61284
58763
78706
51089
55388
67860
75777
18668
64858
60871
22485
61366
23494
50449
60638
87677
73426
59046
92717
50426
62372
97459
50715
59466
92951
54571
28637
41421
15250
6999
60784
92886
82114
55842
43975
37502
23702
36104
56170
4912
96975
95007
82631
20469
61808
59621
8146
51586
18667
17215
2013
81039
14675
69080
56857
7626
40003
1846
65399
55253
25198
42535
64491
7312
98377
24819
44815
38431
60923
17337
43344
74251
12345
25975
94720
74153
85596
19219
42092
20615
36434
44105
18006
67461
29537
74863
91440
69540
93062
73191
41145
18260
15727
5636
25572
14104
46807
86739
52536
7731
4077
12232
81982
32774
54559
93054
23279
56507
12273
65371
77122
65060
9476
95128
32521
39013
86343
40313
24905
79405
13505
66050
14017
29232
88039
39590
43336
34846
26329
12224
58929
46758
40808
57263
79532
95367
50318
19164
68226
78943
84535
45348
60355
10364
56828
9229
65729
43172
49542
90635
38929
63047
56685
52947
92279
44724
8889
51968
95923
51570
80544
54852
98329
37705
28468
94213
33072
95138
13377
1299
90433
14265
62999
50789
24629
19828
60018
90358
79352
25912
97345
34633
88960
54031
87580
97591
15107
12821
65911
27382
64392
62808
98587
79073
513
27055
89638
49937
38545
19368
67588
28978
49985
30588
79767
74614
66768
56137
81324
46120
82050
78670
80753
87362
49053
84686
1305
80512
13859
67217
7895
94603
46377
22834
90028
46890
49889
79667
96827
88434
15387
64416
33764
65372
11356
13532
56338
78124
86021
37662
40596
84423
16332
37701
88137
81737
38739
89443
62250
52599
73012
86497
47202
19389
9331
37231
82631
75572
33250
79458
80358
64989
60226
14122
30361
71582
44006
3051
66058
30028
40713
6654
30803
73398
60708
18941
55135
99447
24736
33737
68398
97748
20234
31953
33489
45917
85536
16120
21489
18786
11930
1847
127
72157
32322
46840
60091
76328
49891
26150
22708
90604
49156
53512
80354
26216
72453
51842
42016
97189
85579
10414
11289
22166
42367
44778
68083
27903
77250
5925
63041
5532
24124
63168
94041
56446
10008
54133
49127
59899
96635
71835
66856
62143
25347
47210
88360
14152
99052
30376
11341
984
57142
38982
23150
99510
83760
7585
43765
77362
13510
6807
82895
53987
69975
76936
10433
96336
47421
59560
56235
60408
31396
39443
22552
73095
86654
27264
87248
2058
73992
14941
3042
31134
53924
42544
30644
54036
66482
74410
31399
96344
97569
30646
50331
83896
23934
77117
80232
87708
36677
52820
48116
84425
92263
87020
73873
95269
14284
61121
97328
88276
76062
16722
35763
46338
75619
66407
375
42101
57169
48126
38445
54738
95124
5129
54987
19058
82246
35219
23118
35275
88039
71235
36053
80303
58255
9926
91924
88892
87399
89252
77168
79813
22327
12931
26152
97946
95691
26527
56399
69212
91005
11196
40303
86129
16325
95290
21539
14923
30509
44658
50199
34901
15893
86252
31556
90500
12530
23480
95744
99929
29085
89265
96094
51412
18548
22246
65710
14239
65125
22109
99804
56130
33305
56459
58611
65983
51749
80151
80906
98610
24809
47457
49863
57054
33709
81419
63906
62591
21252
59651
78872
50337
48916
74967
18101
67464
13565
83811
98056
78691
22272
97860
51173
55577
54319
9785
37912
22420
89936
18819
37382
31097
66276
87246
88151
16338
85017
52057
78929
6269
11708
74154
72958
60624
49121
91059
28089
62686
91222
42497
57729
13494
40357
25255
85424
11028
35040
23336
33448
41328
58507
70830
72425
24784
74428
76928
57474
59446
28985
52755
65715
57046
26909
38674
34022
76030
46085
78463
55069
37308
20960
29150
50802
77669
54405
52578
88697
89445
75915
38497
47125
34422
25680
35902
75558
108
12830
33032
59554
58168
85788
25270
31566
29049
80296
65588
5080
26381
60404
76501
63689
81364
5651
30844
59034
60057
99774
64083
65854
92041
2581
29332
42816
28261
65234
18374
44721
94417
67759
4276
68937
69899
45898
16855
98948
26194
82443
20380
52575
59199
96881
32617
40564
18885
79813
15950
78942
95939
96385
61148
87981
15318
90480
30797
59931
72067
49171
4653
82836
33282
25281
51773
3181
71179
84980
2130
97373
67423
22510
66300
42975
19392
15269
99891
38277
11434
32193
33571
7374
28578
11071
95355
60249
17904
26152
20180
89971
91675
41185
89159
24958
66466
57284
28139
37645
42264
30269
35018
26039
69132
17671
69014
88524
49292
68905
43153
60727
1098
93076
84453
46029
4147
79808
6278
22051
22312
26458
28374
30339
67644
17533
71649
50462
91169
16141
88108
33433
62762
39478
59473
31894
57149
28487
36770
22794
13745
96275
83521
14843
89351
67974
60872
9851
64134
83502
48254
2798
9961
76629
49489
93957
10514
21139
44419
1684
37280
48879
35117
42
88358
10942
48289
61859
55782
85059
84653
69527
81335
84526
84370
70686
68852
61595
96889
32986
45097
45144
52136
71410
21773
1626
81719
48639
39117
42491
66675
76397
91370
18145
92791
79728
29087
41080
41588
84869
26140
42593
54396
23827
27120
55119
94513
95972
33066
91403
45311
94515
36547
97447
65926
74672
15425
63997
39663
54542
6488
6339
47291
97859
40836
56435
93939
69923
97515
51879
71145
40007
10825
41893
63834
37945
97012
74700
33917
30078
82455
79228
24594
35354
93028
6872
26378
8453
70869
66041
79348
93710
88732
42991
7921
29568
99426
18212
99492
13294
70092
86989
53301
80917
28882
33488
35214
25895
8188
69131
72325
6995
64712
13271
42349
74092
36495
68727
98897
23717
34768
78245
17427
39853
37589
41700
69421
37015
59912
85265
50309
46356
72254
19963
43625
1137
69803
78839
43384
94343
64323
32061
1338
29035
61685
43687
19479
14532
12414
18376
38249
63534
96622
72028
3387
34211
13728
89161
87578
73641
74426
54240
19997
63033
74203
79975
64170
44006
58814
23906
38349
23137
72319
56039
68524
34004
99726
88003
48537
28492
22732
3138
92026
19354
75167
11766
69917
88895
927
73847
78888
91705
28087
15238
54738
18642
95213
18908
79000
70379
59166
33701
9869
31486
89740
94745
81842
89466
99101
30379
34310
21833
33518
26337
57539
25037
54455
27456
30284
71734
17655
25525
63439
45743
40763
18178
80737
52328
53438
59738
39059
12605
93439
48928
60443
83180
43674
42285
88998
42775
89017
23309
80960
38887
65998
38499
63924
20453
82307
94208
92187
99962
36085
55626
62057
76848
90156
42795
45528
43595
2533
84588
72552
95972
49868
32995
95504
9894
75280
855
69021
64297
24164
49981
3184
6514
88480
83460
26967
70787
94021
35506
70750
30106
7484
32807
23307
97641
91954
85187
57588
94487
69775
30140
6812
35996
79487
18668
45890
71119
19523
14912
51769
43687
64893
71305
66553
53374
54766
93520
24161
65139
45378
11263
95245
52863
60423
34904
66856
52377
20092
24444
63217
6219
70936
70029
42215
50423
88697
88106
21542
8221
3018
89663
68260
84263
60969
34814
37637
15735
44686
78151
80874
90065
5766
92471
59280
82541
27376
42488
34919
47468
66932
98136
53687
54220
84517
12255
20995
73214
361
42537
97787
19731
32201
66048
3994
9522
17214
57984
25257
78252
52487
22483
84669
74605
14954
43949
57147
58682
2789
8418
22502
69721
6554
76190
40293
91071
88445
61288
80637
5158
20178
78425
41241
68731
60825
61587
78253
94391
35923
3510
72643
88410
42345
57313
79368
73651
17614
52867
32334
36756
61285
54836
22829
67839
47378
63123
75262
52175
24411
72251
57333
44589
50676
14926
13320
27853
76514
7925
22244
12437
27787
11240
17200
70132
84905
96568
43784
18871
49435
92470
55627
10720
63658
78457
94911
11037
41580
86525
79564
65991
58776
53250
26933
25805
68176
56605
53658
44690
64531
92255
57128
92318
3495
74328
78803
88400
87248
38939
7271
36683
47761
62899
63755
11419
41356
75018
38808
99288
61543
18373
81631
36671
87975
8564
62476
56151
81522
32487
842
62405
24742
74322
71075
28237
65002
49878
32989
52250
5169
40260
5285
52930
19511
69040
64350
60867
60410
19510
76507
38305
54235
58139
74976
42210
83055
53805
98362
64577
2644
15556
43334
27386
89878
14410
71975
54880
80640
4964
7130
85810
61576
28767
38740
81088
14159
19442
58307
74569
38953
34815
12874
93188
92954
4202
35399
92361
74359
33761
56939
77003
65669
16625
20741
55547
31035
9068
26779
11676
14032
50261
97486
75609
79028
52578
73049
93187
72021
31356
84108
10974
66171
96982
4162
75477
17536
55913
67839
91896
6026
41130
85251
71695
57755
22345
43594
5143
31413
70373
16819
61798
36986
30657
37407
32366
99587
10456
41905
71608
58164
26013
98934
40688
39347
3097
16165
56884
75362
356
65132
81389
41486
66735
53084
15594
89080
13031
20737
36846
99756
53908
98644
36743
917
52403
85461
504
79211
27367
88465
37375
53380
87399
78063
9080
6848
94229
65964
82211
10937
47448
79952
68776
30535
49388
84370
35968
62419
21459
72814
62176
91719
71458
15271
8988
23861
732
25844
3072
44451
14309
56799
97832
1709
34863
6912
24909
45444
89228
7120
56381
53028
87072
25157
83563
36461
25879
35883
15232
63690
8697
77408
55409
96507
9031
64397
36720
26116
90242
56144
70567
20903
12944
84751
22612
47807
8015
47522
9603
97243
70994
65984
66623
74419
7494
66539
27232
33373
2422
42464
97064
11120
36225
68825
23979
45256
49575
60700
71372
39817
16844
58292
60720
46140
43043
99685
10299
51059
63559
19902
64654
34553
2239
31278
25324
26085
14169
52556
75810
16591
95021
72874
44063
31246
58052
68043
92854
7627
45095
80579
63796
78291
38871
40868
24432
98266
40553
34731
49325
20464
70986
30332
55018
73225
61610
80342
15662
75779
32899
91472
8722
44272
80699
52786
75518
38751
37181
84724
62730
82276
65303
26526
60567
4174
67394
1351
18793
24300
52435
68118
44764
23421
98450
16134
12998
76412
12829
28660
68543
62080
20132
77266
6352
831
46404
98222
55934
83585
82946
18664
65861
64602
45190
42780
85128
28937
44132
3921
53237
96567
72040
14353
36340
86842
30488
65690
63255
43317
94350
31798
5397
30834
25416
28101
48018
71820
26323
3952
55405
25621
22617
37618
90223
84159
80399
75352
13096
40883
79273
82685
53802
67665
97039
90142
54508
43879
55832
34115
87196
66534
82265
8945
13720
7682
37046
61738
95854
79721
65691
51260
5342
88308
5230
95566
88819
85629
70918
1916
42864
66543
953
96666
34209
97992
3160
5069
41871
75344
39184
45419
58230
21449
54364
71951
45483
7762
33689
41338
87483
15732
8950
92826
4040
14180
4744
9212
16162
92014
27480
59026
58557
28433
72045
9118
42778
91557
14187
1001
83254
69723
62773
41484
7525
17137
29787
53008
41252
63477
94346
28735
79209
19648
37913
99602
33829
42657
25166
66343
34671
52646
41721
9581
81079
13766
35051
40209
21676
49239
41211
4930
35314
3984
62766
42839
37473
92554
95848
78725
72383
6546
23813
67944
42547
61726
83898
76376
20736
9064
59071
71759
61710
792
81340
59142
14559
32744
15703
52587
98335
73266
73869
33649
77250
36635
76489
31076
45541
88689
26153
34276
11587
66318
2221
54134
28045
2471
46862
65133
11536
5933
36892
89598
6726
34585
65092
37637
67329
80796
90224
65664
54062
64093
15665
47665
728
92154
95093
62622
97195
37598
96898
8783
3917
15471
62917
48314
17943
9780
13447
45831
15713
66691
35429
22439
17628
16874
60076
84957
14022
66652
66973
84436
30745
82639
48453
47826
91145
43546
26800
4693
81145
23698
13476
85062
39170
92745
49728
57113
2525
63175
2944
34591
29866
54725
73382
47495
87951
49811
48804
1973
16463
32130
2762
63561
31121
51215
27739
38618
11114
54539
43311
8611
78237
56787
10025
33759
49533
59753
7224
68410
22928
26520
19353
69146
81246
92736
32993
85549
58899
98150
3875
91714
46632
6637
55275
77753
57852
99366
32723
85318
53905
76035
93929
48495
49174
3954
98606
15059
63707
5831
99822
2987
32351
19175
88486
29949
28263
37831
15499
87162
35981
19374
78877
82613
26011
50504
76718
215
66223
9442
85534
36480
1829
95815
84975
51003
99770
83582
82415
79829
5765
82237
99169
38116
1412
87655
84418
46028
25486
16269
49542
77820
35643
44771
60433
78006
95276
53504
94573
77851
79298
96459
14331
97479
92275
15659
64834
8397
99241
47249
88226
21358
45838
3747
75826
63603
91402
60244
9631
16889
76513
59173
94709
28508
3945
71494
6514
15573
41350
17440
93424
37000
13899
7755
34479
22526
23414
99314
30923
39007
62915
35502
76717
8754
39249
52544
72357
47004
29140
81988
63893
5654
57513
74954
34162
61458
62800
57029
77031
20503
90821
86807
57503
4720
10915
8335
27247
34329
24001
74522
89689
86916
10024
66406
12022
65626
35302
84379
12630
64443
82719
92875
70097
40233
84181
20611
18043
63333
93992
11427
83836
1165
98234
57692
5886
25501
82379
49485
76183
6380
40359
65872
9648
66736
48630
