7740
2379
2272
4246
3982
9888
2300
957
8731
7797
6768
3825
9064
294
6413
4281
5785
6512
5584
1040
2559
9050
9231
9295
4937
9703
9691
625
8597
9079
3503
6338
7810
2127
6936
8144
2016
5589
5454
7099
9738
2222
7276
8802
2517
3690
3083
4654
202
5019
5694
9114
4070
1277
8409
5359
981
4452
5984
5930
9883
9487
2268
7694
7967
9205
5838
9983
4794
1292
3434
884
9867
711
9686
8736
4401
9121
3390
955
4141
5436
69
4563
3066
4831
9922
4047
9283
2258
6329
5519
8098
8598
3213
6065
4155
5403
2400
5301
3048
5834
6185
2915
6545
5871
8003
7298
1344
1393
8254
1837
6829
4675
6400
6247
9506
2674
6646
5142
1285
2976
661
9383
1574
226
1800
5729
1981
4200
1030
5029
34
7215
4296
2932
9438
2299
230
7134
44
4836
8972
3226
5864
1724
9473
1722
751
6120
3216
2036
9096
229
7771
670
455
9571
2751
8789
123
133
3818
157
3700
4467
9441
3138
6766
6024
6624
6811
860
5596
37
6724
3673
9510
8447
4424
1982
1663
6460
1078
1893
583
8100
8700
154
851
7489
277
984
7660
6786
4684
2127
2580
4174
5245
8604
799
2056
9464
2747
8445
2541
6420
4308
7340
7196
6290
5355
8
3721
3600
591
1821
8653
7097
9025
2494
3726
6361
154
513
7398
8633
9445
1572
3879
8049
8723
5935
3865
7823
733
6406
595
5041
98
7792
7683
1806
7800
1404
5406
4744
9578
411
1841
8603
2906
5568
4964
3060
2433
2362
1694
1878
287
5573
9927
9010
7860
144
3185
4945
6551
3781
6338
3001
1573
374
4807
5725
1778
6566
469
7708
6977
8663
6311
9883
4231
1276
9296
3016
9990
7342
4894
277
9267
1173
5640
3479
1317
8825
8425
4220
8958
4763
3574
531
1489
8381
2609
3268
1299
9430
976
8277
8093
3640
4512
8676
1268
3808
1692
1258
1150
2938
7888
417
4111
9880
3897
1781
5057
8674
2353
4016
9789
5927
899
1279
661
3508
4547
1960
2939
1875
237
7384
1867
1102
6061
3135
4910
4105
746
2413
7044
8634
2830
7507
8514
3079
5640
9923
1753
7994
3939
1543
3921
4839
2822
4582
4699
3721
6543
7638
1948
3132
1375
3816
586
7436
6951
5497
7893
7697
4262
1289
2683
7092
8797
7549
6524
789
7473
8277
8783
1412
6172
9057
2603
5346
3639
7303
9067
6534
1293
1016
6019
2668
1184
6605
6456
8135
8454
702
2185
2716
1991
4868
6161
7140
2418
2685
7930
6243
7314
3065
7655
9839
2122
6611
5185
2114
266
4253
5000
1559
1621
7371
580
2805
3977
3388
7292
8783
4090
9477
7852
2434
698
4013
9574
3116
3050
3856
9359
6716
6922
3366
6555
5396
9977
1741
7510
6595
2346
2511
8155
319
9882
5087
3124
211
8475
416
5347
8918
6246
3199
1352
6944
3564
7278
6412
2966
1135
2123
9682
8057
1841
2590
3453
8171
683
7316
4766
3029
6179
2921
9700
2413
4360
2824
8977
9188
9592
4324
8106
2190
3875
5810
9134
7439
3088
1898
405
575
373
6439
4984
2215
9029
4790
386
9712
2106
5152
9093
8285
4426
8793
698
8786
7969
6027
7974
3914
351
2432
6104
4226
4594
1591
8017
4035
9841
4774
4610
215
1214
9595
2430
6595
4385
2816
2660
2843
4320
1753
7480
8746
6899
8178
3885
1220
558
8211
5134
909
644
1239
1488
1590
9182
5857
5625
9023
632
6588
9238
8198
2535
1668
4793
3272
836
7453
6115
5157
5559
3595
3903
8810
8125
7788
30
8683
6000
1517
5945
2996
9108
7433
938
8290
9642
2916
7313
274
9504
2904
8472
8391
4572
9618
1663
5409
3423
7778
6918
5334
7725
821
496
5850
4962
6879
886
7314
8396
6831
6662
7504
616
3952
2146
258
6868
9459
533
2724
2363
5357
1115
3288
1327
2778
5049
4751
6908
1967
6437
4633
9140
6934
6836
454
3813
7722
7768
2209
4553
782
6065
5169
4735
8211
5427
1603
4022
2312
680
2738
4022
1795
6026
5349
926
7427
100
4186
5746
6538
5172
4886
3472
2008
1693
3637
9730
9461
5846
635
6596
8263
2156
7683
6474
3935
5638
496
2600
6318
3234
6622
4466
5612
1971
5392
3039
2072
5930
8785
4962
1102
24
4786
9462
1717
8423
5544
7530
621
6179
478
8884
4687
8161
1710
8623
3800
2206
1223
118
5441
7845
4584
7405
6168
6328
445
4592
8611
5582
9554
9713
1958
692
9176
3675
9115
1072
7558
6088
7252
8036
1324
1939
6198
3034
6914
6350
5241
4489
6468
7034
2334
7405
4439
8503
85
1236
9447
8696
6819
9002
4762
8777
9694
290
8805
5162
1362
2715
7602
4966
751
8927
3258
3301
8313
172
6003
3554
4662
2472
6940
3348
6229
7732
8203
6314
8968
7651
1363
2139
3005
6125
7269
9051
6415
6074
565
4129
8789
8168
9096
5892
3447
2354
5546
1760
8878
1549
1667
3540
373
4959
3241
6602
2691
7796
9269
8012
1799
632
151
4804
3109
3772
3856
5876
9846
4421
5
4987
8941
5453
7232
2388
7807
2778
501
6686
4327
2168
6578
4701
7127
6171
7655
9819
3968
3276
4183
5767
260
4334
6924
3369
8107
7132
5597
4305
7905
1955
5645
6847
7408
2877
5587
5216
5655
6088
8254
6334
8256
1184
7387
5384
7356
5043
1555
7676
8319
5738
3443
8580
6424
6719
8301
883
3851
3899
1541
1757
2206
3538
8604
9614
6415
4191
1182
8422
6632
9436
4756
4888
6973
8496
6624
4329
3539
4531
2005
8210
6621
1800
3142
9398
8520
7796
6633
8723
8047
4526
480
253
8064
5436
9867
4479
9628
7402
2901
2612
6838
4010
3852
163
2506
477
4492
2397
1360
2849
6959
4334
1002
6454
3732
5874
4250
6717
4597
2297
1244
5078
2550
9308
514
8769
3788
6494
6171
3041
9106
9362
3403
2959
9525
2261
9788
370
4658
7500
9571
7970
1834
573
4424
5566
6447
8674
2284
7397
7323
3528
2475
6225
9188
9341
4994
